28	0	17	32
39	0	4	12	16	23
76	0	10	19	30
170	0	9	16	24	32
203	0
273	0
315	0	13	26
366	0	10	20	27
367	0	30
417	0	11	20	31	38
462	0	13	42	54
598	0	9	19	31	40	53
613	0	23	27	35
636	0	16	33
726	0	28
736	0	8	16	24
740	0	24	31	43
826	0	7	16	34
902	0	11	23	31	39	50
912	0	9	18	27	36	44	52	61
916	0	18	42
944	0	41
998	0	12	20	31	39	46
1063	0	11	23
1068	0	8	16	24
1138	0	4	38
1159	0	7	13	21
1175	0	8	17	27
1342	0	10	19	30	40
1356	0	13	26	36
1360	0	8	17	25
1507	0	16	26	35
1567	0	11	27
1621	0	10
1638	0	12	23	32	42	52
1659	0	8	15	24	32	41
1664	0
1763	0	36	54	67	69	115	123	127
1937	0	9	16	26	35
1969	0	10	20	27	36
2018	0	9	20	29	38	47
2080	0	8
2117	0	8	17	31	38
2139	0	8	18
2143	0	12	22
2197	0
2229	0	9	29
2243	0	10	20	31	41
2354	0	12
2384	0	25	33
2421	0	11	19	31
2442	0	10	16	33	59
2448	0	15	22
2465	0	37	47
2537	0
2665	0	8	57
2699	0	8	17	25	34	43
2720	0	16
2766	0	6	14	20	28	36	42	50
2792	0	17	31	45
2824	0	11	24
2858	0	8	12	20	33
2907	0	30
2987	0	8	15	24
3076	0	8	20	41	54
3107	0	8	17	25
3115	0	6	14	20
3161	0	45
3207	0	10	21	31
3370	0	9	18	37	58	67	77
3400	0	14	16
3405	0	17	24	41	45
3451	0	29
3474	0	15	21	24	27	33	38
3477	0	11	24	31	36	49	57	68
3525	0
3537	0	8	16	24	29	37
3598	0
3623	0	8	16	24	29	37
3748	0	9	18	28
3766	0	13	21	30
3779	0	12	21	32
3784	0	10	21	30	42	51
3787	0
3788	0	9	18	26
3820	0	7	14	22	28	35	41	49	56	64	72	80
3841	0	11	19	32	40	53
3932	0	43	58
4010	0	3
4086	0	10	19	30