NLB016606_01	0	8	16	27
NLB070064_01	0	9	17	27
NLB070155_01	0
NLB070322_01	0	11	23	31	39	50
NLB070385_01	0
NLB070465_01	0	30
NLB070512_01	0	9	14	16	20
NLB070564_01	0	9	16	24	32
NLB070642_01	0	11	24	36	49	57	68
NLB070708_01	0	25
NLB070754_01	0	4
NLB070937_01	0	8	24	31	38
NLB071196_01	0	17	41	44
NLB071215_01	0	38
NLB071669_01	0	11	19
NLB071950_03	0	10	20	27	36
NLB071958_01	0	8	17	25
NLB071975_01	0	9	16	26	35
NLB072311_01	0	10	21	30	42	51
NLB072383_01	0	10
NLB072401_01	0	10	20	27
NLB072560_01	0	4	12	16	23	31
NLB072565_01	0	8	15	24
NLB072666_01	0	10	21	31
NLB072764_02	0	15	38
NLB072879_01	0	25	28
NLB072891_01	0	9	19	31	40	53
NLB072911_01	0	41
NLB073074_02	0	9	18	26
NLB073318_01	0
NLB073361_01	0	21	30
NLB073484_01	0	12	22
NLB073485_01	0	33
NLB073523_01	0	25
NLB073704_02	0	8	16	65
NLB073748_01	0	10	19	30
NLB073789_01	0
NLB074004_02	0	12	20
NLB074226_02	0	10
NLB074234_01	0	13	26	36
NLB074373_01	0	11	20	31
NLB074384_01	0	8	20
NLB074405_01	0	5	17	31	45
NLB074547_02	0	11	19	32	40	53
NLB074877_01	0	15
NLB075032_01	0	8	17	25
NLB075064_01	0	8	15	24	32	41
NLB075066_01	0	34
NLB075167_01	0	58
NLB075198_01	0	9
NLB075255_02	0	16
NLB075288_01	0	6	14	20
NLB075329_01	0	17	42
NLB075331_01	0
NLB075337_01	0	7	13
NLB075517_01	0	8	16	26	35
NLB075618_01	0	9	20	29	38	47
NLB075801_01	0	11	23
NLB075887_01	0	42
NLB076632_10	0	8	17	27
NLB103620_01	0	23	27	35
NLB109379_01	0
NLB111622_01	0	36	49	54	62	67	69	115	123	127
NLB112415_01	0	8	17	25	34	43
NLB112488_01	0	29	43	58
NLB113289_01	0	8	18
NLB123205_01	0	9	18	27	36	44	52	61
NLB127034_01	0	12
NLB127285_01	0	7	14	22	28	35	41	49	56	72	80
NLB127407_01	0	8	16	24	29	37
NLB134480_01	0	8	16	24
NLB138602_01	0	8	16	24	29	37
NLB139128_01	0	6	14	20	28	36	42	50
NLB139328_01	0
NLB139529_01	0	3	4	23
NLB140201_01	0
NLB140273_01	0	11	23
NLB140482_01	0	45
NLB140807_01	0	25	29
NLB141113_01	0	12	20	31	39	46
NLB141245_01	0	12	21	32
NLB141292_01	0	9	18	28
NLB141416_01	0	10	19	30	40
NLB143232_01	0	8
NLB144059_01	0	13	26	36
NLB144185_01	0	10	20	31	41
NLB144187_01	0
NLB144337_01	0	12	23	32	42	52
NLB146703_01	0	19	30
NLB151268_01	0	8	16	24