28	16	49
1659	7	14	23	31	40	48
2018	8	19	28	37	46	55
2243	8	18	29	39	60
2858	11	19	38
1159	6	12	20	27
3766	12	20	29	33
998	11	19	30	38	44	52
3932	28	42	57	61
3400	8	13	15	19	35
3405	16	40
1068	7	15	23	31
916	41	73
1063	10	22	45
3841	10	18	31	39	52	60
417	10	27	30
2143	11	21	32
2792	16	30	44	53
826	32
2907	
3820	6	13	21	27	34	40	48	55	70	79	86
598	8	18	30	39	52	63
3779	10	20	30	40
1175	7	16	26	37
315	11	24	35	47
273	44	56
2824	10	22
3474	7	14	20	23	37	44
3477	10	23	35	48	56	67	80	82
2987	7	14	23	31
2665	64	106
2384	24	45
366	9	19	26	33
367	29
170	8	14	23	31	38
912	8	17	26	35	43	51	60	69
2442	15	31	57	70
1138	10	37	51	72
3748	8	16	27	35
2448	14
2766	5	13	19	27	35	41	49	55
1937	8	14	25	34	43
902	10	22	30	38	49	60
39	3	9	11	15	22	30	40
1664	40
3115	5	13	19	27
1342	9	18	29	39	49
3598	
2197	56
3161	13	44	50
3451	24	28	46
1638	10	21	30	40	50	60
1507	7	15	25	34	42
736	7	15	23	33
2117	7	16	23	30	37	44
636	32	65
2421	10	18	39
1356	12	25	35	46
462	11	53	62
3525	52	60
3076	7	19	53	63
3207	9	20	30	41
1621	9	23
3370	57	81
726	6	24	27
2699	7	16	24	33	42	51
2080	7	15
2354	11	23
740	37	60	74
4086	9	18	29	39
2465	15	26	46	53
3537	7	15	23	28	36	39
1969	8	18	25	35	39
2229	8	50
3107	7	16	24	33
2139	7	17	93
1567	6	16	26	33
203	75
2720	13	15	24	28
613	22	26	34
3623	7	15	23	28	36	39
76	18	29	44
944	40	42
3787	
3784	9	20	29	41	50	62
3788	8	17	25	33
4010	25
1360	7	15	24	34
1763	35	48	53	61	66	68	114	122	126	134
2537	33