3784	0	10	21	30	42	51
2907	0	10	20	30
367	0	8	21	27
740	0	14	24	38	47	61
3076	0	8	12	20	24	42	54
3841	0	11	19	32	40	53
4086	0	10	19	30
1507	0	8	16	26	36
2139	0	8	18	31	41	52	63	72	83
2448	0	7	15	22
2018	0	6	14	20	29	38	47
2766	0	6	14	20	28	36	42	50
1659	0	8	15	24	32	41
1063	0	11	23	35
1068	0	8	16	24
2354	0	12
4010	0	7	13	20
3115	0	6	14	20
3787	0	9	16	25
2421	0	11	19	31
2384	0	9	20	27	37
2858	0	8	17	29
417	0	11	20	29	38	47
912	0	9	18	27	36	44	52	61
3598	0	8	17	26
1937	0	9	16	26	34
3820	0	7	14	22	28	35	41	49	56	64	72	80
636	0	8	16	24	33	42	50	58
273	0	14	27	46
1763	0	15	29	36	43	49	56	62	69	77	83	91	97	104	111	118	123	130
2699	0	8	17	25	34	43
3400	0	12	10	26	29
3525	0	9	21	33	47	55
613	0	6	9	17	23	31
2465	0	8	19	30	43
1159	0	7	13	21
2987	0	8	15	24
1664	0	11	21	33	37
2792	0	5	12	17	26	31	39	45
315	0	9	13	22	26	36	45
736	0	8	16	24	31
826	0	16	24	34	42
3766	0	9	16	25
3779	0	12	21	32
2229	0	11	17	26	33	41	48
1175	0	8	17	27
3537	0	8	16	24	29	37
3370	0	9	18	27	37	44	51	58	62	72
3451	0	6	13	19	25	33
76	0	10	21	32
3207	0	10	21	31
2117	0	8	17	24	31	38
3788	0	9	18	26
998	0	12	20	31	39	46
1621	0	10	17
944	0	9	18	26	37
2824	0	8	16	24
170	0	9	16	24	33
3107	0	8	17	25
3161	0	8	16	24	33	41
28	0	7	17	24	32	42
3405	0	9	17	24	31	41	45	59
366	0	10	20	27
2143	0	12	22
2720	0	9	16	22
2243	0	10	20	31	41	52
3623	0	8	16	24	29	37
2665	0	8	16	24	31	39	48	57	65	76	86	97
1342	0	10	19	30	40
1969	0	10	20	27	36
3477	0	11	24	36	49	57	68
203	0	12	24	38	50	64
916	0	10	18	30	38	48	57	66
2080	0	8
902	0	11	23	31	39	50
39	0	4	12	16	23	31
2537	0	5	10	15	21	27
1356	0	13	26	36
3932	0	11	22	35	48
726	0	9	17	26
1138	0	11	18	25	38	52	65
3474	0	8	21	33
1360	0	8	17	25
462	0	13	22	34	42	54
1567	0	10	17	26
2442	0	10	20	33	46	59
598	0	9	19	31	40	53
1638	0	12	23	32	42	52
2197	0	9	17	28	39	50
3748	0	9	18	28