28	0	17	42
39	0	4	12	16	23	31
76	0	19	30
170	0	9	16	24	32
203	0
273	0
315	0	13	26	36
366	0	10	20	27
367	0	30
417	0	11	20	31
462	0	12
598	0	9	19	40	53
613	0	23	27	35
636	0	16
726	0	25	28
736	0	8	16
740	0	20	43
826	0	34
902	0	11	23	31	39	50
912	0	9	18	27	36	44	52	61
916	0	18	42	57
944	0	41
998	0	12	20	31	39	46
1063	0	11	23
1068	0	8	16	24
1138	0	38	45	52
1159	0	7	13
1175	0	8	17	27
1342	0	10	19	30	40
1356	0	13	26	36
1360	0	17	25
1507	0	8	16	26	35
1567	0	7	9	27
1621	0	10
1638	0	12	23	32	42	52
1659	0	8	15	24	32	41
1664	0
1763	0	36	54	67	115	123	127
1937	0	9	16	26	35
1969	0	27	36
2018	0	9	20	29	38	47
2080	0	8
2117	0	8	17	24	31	38
2139	0	8
2143	0	12	22
2197	0
2229	0
2243	0	10	20	31	41	52
2354	0	12
2384	0	25
2421	0	11	19
2442	0	16	33	46	59
2448	0	14
2465	0	16	27
2537	0
2665	0	65
2699	0	8	17	25	34	43
2720	0	16	25
2766	0	6	14	20	28	36	42	50
2792	0	5	17	31	45
2824	0	11	23
2858	0	12	20
2907	0
2987	0	8	15	24
3076	0	8	20
3107	0	8	17	25
3115	0	6	14	20
3161	0	4	45
3207	0	10	21	31
3370	0	3	58
3400	0	9	14	16	20
3405	0	17	41	44
3451	0	29
3474	0	8	15	38
3477	0	11	24	36	49	57	68
3525	0	53
3537	0	8	16	24	29	37
3598	0	17
3623	0	8	16	24	29	37
3748	0	9	18	28
3766	0	13	21	30
3779	0	12	21	32
3784	0	10	21	30	42	51
3787	0
3788	0	18	26	32
3820	0	7	14	22	28	35	41	49	56	72	80
3841	0	11	19	32	40	53
3932	0	29	58
4010	0	3
4086	0	10	19	30