2354	0	12
912	0	9	18	27	36	44	52	61
1063	0	11	23	35
2139	0	8	18	32	42	53	63	73	84
3787	0	9	16	25
3115	0	6	14	20
417	0	11	20	29	38	47
2907	0	10	21	30
3598	0	8	14	20	26
3841	0	11	19	32	40	53
2018	0	9	20	29	38	47
273	0	14	27	45
3076	0	11	23	42	54
1763	0	15	29	36	43	56	69	83	97	104	111	123
4086	0	10	19	30
1068	0	8	16	24
2766	0	6	14	20	28	36	42	50
2421	0	11	19	31
3820	0	7	14	22	28	35	41	49	56	64	72	80
1937	0	9	16	26	34
367	0	8	20	27
4010	0	7	13	20
740	0	7	14	24	31	38	47	54	61	68
636	0	8	16	24	33	42	50	58
1659	0	8	15	24	32	41
2384	0	9	20	27	37
3784	0	10	21	30	42	51
2448	0	7	15	22
2858	0	8	17	29
1507	0	9	22	30
170	0	9	16	24	32
3788	0	9	18	26
3370	0	9	18	27	37	44	51	62	72
1621	0	10
2987	0	8	15	24
736	0	8	16	24
944	0	9	18	27	37
1664	0	11	21	30	37
2792	0	12	26	39
3537	0	8	16	24	29	37
2465	0	8	19	30	43
315	0	13	26	36
3779	0	12	21	32
998	0	12	20	31	39	46
2699	0	8	17	25	34	43
2824	0	8	16	24
3451	0	6	13	19	25	33
613	0	6	9	17	23	31
2117	0	8	17	24	31	38
3525	0	9	21	33	47	53
76	0	10	21	32
3161	0	16	24	33	41
826	0	16	24	34	42
1175	0	8	17	27
1159	0	13
3207	0	10	21	31
3766	0	9	16	25
2229	0	11	17	26	33	41	48
3400	0	12	20	29
3107	0	8	17	25
1342	0	10	19	30	40
1138	0	4	11	18	25	31	38	45	52	58	65
2537	0	5	10	15	21	27
3405	0	9	17	24	31	45	59
39	0	4	12	16	23	31
2665	0	8	16	24	31	39	48	57	65	77	86	98
1969	0	10	20	27	36
598	0	9	19	31	40	53
1360	0	8	17	25
1356	0	13	26	36
3748	0	9	18	28
2442	0	10	20	33	46	59
2720	0	9	16	22
916	0	10	18	30	38	48	57	66
3477	0	11	24	36	49	53	57	68
1638	0	12	23	32	42	52
902	0	11	23	31	39	50
2080	0	8
28	0	7	17	24	32	42
2197	0	9	17	28	39	50
2143	0	12	22
462	0	13	22	34	42	54
366	0	10	20	27
2243	0	10	20	31	41	52
1567	0	10	17	26
3932	0	11	22	35	48	56
3623	0	8	16	24	29	37
3474	0	8	21	33
726	0	9	17	26
203	0	12	24	38	50	64