28	6	16	23	31	41	49
39	3	11	15	22	30	40
76	9	20	31	44
170	8	14	23	31	38
203	11	27	37	53	63	75
273	7	13	20	26	34	44	50	56
315	11	24	35	47
366	9	19	26	33
367	7	19	26	31
417	10	18	28	37	46	54
462	12	21	33	41	53	62
598	8	18	30	39	52	63
613	8	16	22	30	36
636	7	15	23	32	41	49	57	65
726	8	15	25	31
736	7	15	23	33
740	13	22	37	45	60	74
826	6	14	23	32	41	50
902	10	22	30	38	49	60
912	8	17	26	35	43	51	60	69
916	9	17	29	37	47	56	65	73
944	8	17	27	36	42
998	11	19	30	38	44	52
1063	10	22	34	45
1068	7	15	23	31
1138	10	24	37	51	64	72
1159	6	12	20	27
1175	7	16	26	37
1342	9	18	29	39	49
1356	12	25	35	46
1360	7	15	24	34
1507	7	15	25	34	42
1567	9	16	25	33
1621	9	23
1638	10	21	30	40	50	60
1659	7	14	23	31	40	48
1664	10	20	29	40
1763	14	28	42	55	68	82	96	110	122	134
1937	8	14	25	34	43
1969	8	18	25	35	39
2018	8	19	28	37	46	55
2080	7	15
2117	7	16	23	30	37	44
2139	17	31	52	62	83	93
2143	11	21	32
2197	8	16	27	38	49	56
2229	10	16	25	40	50
2243	8	18	29	39	50	60
2354	11	23
2384	8	19	28	36	45
2421	10	18	30	39
2442	9	19	31	44	57	70
2448	5	14	20	28
2465	7	18	29	42	53
2537	4	9	14	20	26	33
2665	7	15	23	30	38	47	56	64	76	85	97	106
2699	7	16	24	33	42	51
2720	8	15	21	28
2766	5	13	19	27	35	41	49	55
2792	11	25	38	53
2824	14	31
2858	7	16	28	38
2907	8	18	28	38
2987	7	14	23	31
3076	11	23	41	53	63
3107	7	16	24	33
3115	5	13	19	27
3161	7	15	23	32	40	50
3207	9	20	30	41
3370	8	17	26	36	43	50	61	71	81
3400	11	19	28	35
3405	8	16	23	29	39	44	50	57	63	70
3451	5	12	18	24	32	46
3474	7	20	32	44
3477	10	23	35	48	56	67	82
3525	8	19	32	45	52	60
3537	7	15	23	28	36	39
3598	6	18	24	33
3623	7	15	23	28	36	39
3748	8	16	27	35
3766	8	15	24	33
3779	10	20	30	40
3784	9	20	29	41	50	62
3787	7	14	23	30
3788	8	17	25	33
3820	6	13	21	27	34	40	48	55	63	70	79	86
3841	10	18	31	39	52	60
3932	10	21	34	47	61
4010	6	12	19	25
4086	9	18	29	39