28	0	7	17	24	32	42
39	0	4	12	16	23	31
76	0	10	21	32
170	0	9	16	24	32
203	0	12	28	38	54	64
273	0	8	14	21	27	35	45	51
315	0	13	26	36
366	0	10	20	27
367	0	8	20	27
417	0	11	20	29	38	47
462	0	13	22	34	42	54
598	0	9	19	31	40	53
613	0	9	17	23	31
636	0	8	16	24	33	42	50	58
726	0	9	17	26
736	0	8	16	24
740	0	14	24	38	47	61
826	0	7	16	24	34	42
902	0	11	23	31	39	50
912	0	9	18	27	36	44	52	61
916	0	10	18	30	38	48	57	66
944	0	9	18	28	37
998	0	12	20	31	39	46
1063	0	11	23	35
1068	0	8	16	24
1138	0	11	25	38	52	65
1159	0	7	13	21
1175	0	8	17	27
1342	0	10	19	30	40
1356	0	13	26	36
1360	0	8	17	25
1507	0	8	16	26	35
1567	0	10	17	26
1621	0	10
1638	0	12	23	32	42	52
1659	0	8	15	24	32	41
1664	0	11	21	30
1763	0	15	29	43	56	69	83	97	111	123
1937	0	9	16	26	35
1969	0	10	20	27	36
2018	0	9	20	29	38	47
2080	0	8
2117	0	8	17	24	31	38
2139	0	18	32	53	63	84
2143	0	12	22
2197	0	9	17	28	39	50
2229	0	11	17	26	41
2243	0	10	20	31	41	52
2354	0	12
2384	0	9	20	29	37
2421	0	11	19	31
2442	0	10	20	33	46	59
2448	0	7	15	22
2465	0	8	19	30	43
2537	0	5	10	15	21	27
2665	0	8	16	24	31	39	48	57	65	77	86	98
2699	0	8	17	25	34	43
2720	0	9	16	22
2766	0	6	14	20	28	36	42	50
2792	0	12	26	39
2824	0	16
2858	0	8	17	29
2907	0	10	19	30
2987	0	8	15	24
3076	0	12	24	42	54
3107	0	8	17	25
3115	0	6	14	20
3161	0	8	16	24	33	41
3207	0	10	21	31
3370	0	9	18	27	37	44	51	62	72
3400	0	12	20	29
3405	0	9	17	24	31	40	45	51	59	64
3451	0	6	13	19	25	33
3474	0	8	21	33
3477	0	11	24	36	49	57	68
3525	0	9	21	33	47	53
3537	0	8	16	24	29	37
3598	0	8	20	26
3623	0	8	16	24	29	37
3748	0	9	18	28
3766	0	9	16	25
3779	0	12	21	32
3784	0	10	21	30	42	51
3787	0	9	16	25
3788	0	9	18	26
3820	0	7	14	22	28	35	41	49	56	64	72	80
3841	0	11	19	32	40	53
3932	0	11	22	35	48
4010	0	7	13	20
4086	0	10	19	30