3787	0	9	16	25
1659	0	8	15	24	32	41
740	0	7	14	24	31	38	47	54	61
3841	0	11	19	32	42	53
2421	0	11	19	31
2907	0	10	20	30
2766	0	6	14	20	28	36	42	50
3115	0	6	14	20
1763	0	15	29	36	43	49	56	62	69	83	97	104	111	123
1507	0	8	16	26	34
2448	0	7	15	22
3076	0	8	12	20	24	32	42	54
417	0	11	20	29	38	47
3598	0	8	20	26
2139	0	8	18	22	32	41	53	62	72	82	90
4010	0	7	13	20
3820	0	7	14	22	28	35	41	49	56	64	72	80
2384	0	9	20	27	37
1063	0	11	23	34
1937	0	9	16	26	34
273	0	7	14	20	27	38	49
1068	0	8	16	24
2858	0	8	17	23	29
912	0	9	18	27	36	44	52	61
2018	0	9	20	29	38	47
367	0	8	21	27
636	0	8	16	24	33	42	50	58
2354	0	12
3784	0	10	21	30	42	51
4086	0	10	19	30
613	0	6	17	23	31
3400	0	12	22	29
2229	0	11	17	26	33	41
2117	0	8	17	24	31	38
736	0	8	16	22	28
315	0	13	26	36
3207	0	10	21	31
3161	0	8	16	24	33	41
2792	0	12	26	39	45
1159	0	7	13	21
3537	0	8	16	29
170	0	9	16	24	32
2824	0	8	16	24
1664	0	11	21	37
2465	0	8	19	30	43
3451	0	6	13	19	25	33
3779	0	12	21	32
998	0	12	20	31	39	46
1175	0	8	17	27
3107	0	8	17	25
3766	0	9	16	25
3370	0	9	18	27	37	44	51	62	72
2987	0	8	15	24
1621	0	10	17
3788	0	9	18	26
3525	0	9	14	21	33	47	53
76	0	10	21	32
826	0	16	24	34	42
2699	0	8	17	25	34	43
944	0	9	18	26	37
3623	0	8	16	24	29	37
1638	0	12	23	32	42	52
3748	0	9	18	28
1356	0	13	26	36
1138	0	11	18	25	31	38	45	52	58	65
2080	0	8
598	0	9	19	31	40	53
2143	0	7	17	22	28
2537	0	5	10	15	21	27
2197	0	9	17	28	39	50
902	0	4	11	16	23	31	39	50
916	0	10	18	30	38	48	57	66
1567	0	10	17	26
2442	0	10	20	33	46	59
3474	0	8	21	27	33	38
1342	0	10	19	30	40
726	0	9	17	26
2665	0	8	16	24	31	39	48	57	65	70	76	86	91	97
366	0	10	20	27
3405	0	9	17	24	31	40	45	51	59	64
3477	0	6	11	19	24	31	36	44	49	53	57	68	74
3932	0	10	22	34	43	48	56
2720	0	9	16	22
2243	0	10	20	31	41	52
28	0	7	12	17	24	32	37	42
1969	0	10	20	27	36
462	0	13	22	34	42	46	54
203	0	4	12	24	28	33	38	50	54	59	64
1360	0	8	17	25
39	0	4	12	16	23	31