28	6	11	16	23	31	36	41	49
1659	7	14	23	31	40	48
2018	8	19	28	37	46	55
2243	8	18	29	39	50	60
2465	7	18	29	42	53
1159	6	12	20	27
3766	8	15	24	33
998	11	19	30	38	44	52
3932	9	21	33	42	47	55	61
3400	11	21	28	35
3405	8	16	23	29	39	44	50	57	63	70
1068	7	15	23	31
916	9	17	29	37	47	56	65	73
1063	10	22	33	45
3841	10	18	31	41	52	60
417	10	18	28	37	46	54
2143	6	16	21	27	32
2792	11	25	38	44	53
1664	10	20	36	40
2907	8	19	28	38
3820	6	13	21	27	34	40	48	55	63	70	79	86
598	8	18	30	39	52	63
3779	10	20	30	40
1175	7	16	26	37
315	11	24	35	47
273	6	13	19	26	37	48	56
2824	7	14	23	31
3474	7	20	26	32	37	44
3477	5	10	18	23	30	35	43	48	52	56	67	73	82
2987	7	14	23	31
2665	7	15	23	30	38	47	56	64	69	75	85	90	96	106
2384	8	19	26	36	45
366	9	19	26	33
367	7	20	26	31
170	8	14	23	31	38
912	8	17	26	35	43	51	60	69
2442	9	19	31	44	57	70
1138	10	17	24	30	37	44	51	57	64	72
3748	8	16	27	35
2448	5	14	20	28
2766	5	13	19	27	35	41	49	55
1937	8	14	25	33	43
902	3	10	15	22	30	38	49	60
39	3	11	15	22	30	40
826	14	23	32	41	50
3115	5	13	19	27
1342	9	18	29	39	49
3598	6	18	24	33
2197	8	16	27	38	49	56
3161	7	15	23	32	40	50
3451	5	12	18	24	32	46
1638	10	21	30	40	50	60
1507	7	15	25	33	42
736	7	15	21	27	33
2117	7	16	23	30	37	44
636	7	15	23	32	41	49	57	65
2421	10	18	30	39
1356	12	25	35	46
462	12	21	33	41	45	53	62
3525	8	13	19	32	45	52	60
3076	7	11	19	23	31	41	53	63
3207	9	20	30	41
1621	9	16	23
3370	8	17	26	36	43	50	61	71	81
726	8	15	25	31
2699	7	16	24	33	42	51
3788	8	17	25	33
2354	11	23
740	6	13	22	30	37	45	53	60	74
4086	9	18	29	39
2858	7	16	22	28	38
3537	7	15	28	39
1969	8	18	25	35	39
2229	10	16	25	32	40	50
3107	7	16	24	33
2139	7	17	21	31	40	52	61	71	81	89	93
1567	9	16	25	33
203	3	11	23	27	32	37	49	53	58	63	75
2720	8	15	21	28
613	5	16	22	30	36
3623	7	15	23	28	36	39
76	9	20	31	44
944	8	17	25	36	42
3787	7	14	23	30
3784	9	20	29	41	50	62
2080	7	15
4010	6	12	19	25
1360	7	15	24	34
1763	14	28	35	42	48	55	61	68	82	96	103	110	122	134
2537	4	9	14	20	26	33
